HCN(1) = 1 (1 divisors, duration 642ns)
HCN(2) = 2 (2 divisors, duration 417ns)
HCN(3) = 4 (3 divisors, duration 451ns)
HCN(4) = 6 (4 divisors, duration 402ns)
HCN(5) = 12 (6 divisors, duration 990ns)
HCN(6) = 24 (8 divisors, duration 1.596µs)
HCN(7) = 36 (9 divisors, duration 2.606µs)
HCN(8) = 48 (10 divisors, duration 2.149µs)
HCN(9) = 60 (12 divisors, duration 2.933µs)
HCN(10) = 120 (16 divisors, duration 14.116µs)
HCN(11) = 180 (18 divisors, duration 16.615µs)
HCN(12) = 240 (20 divisors, duration 16.955µs)
HCN(13) = 360 (24 divisors, duration 37.718µs)
HCN(14) = 720 (30 divisors, duration 129.516µs)
HCN(15) = 840 (32 divisors, duration 47.068µs)
HCN(16) = 1260 (36 divisors, duration 181.431µs)
HCN(17) = 1680 (40 divisors, duration 198.832µs)
HCN(18) = 2520 (48 divisors, duration 469.031µs)
HCN(19) = 5040 (60 divisors, duration 841.878µs)
HCN(20) = 7560 (64 divisors, duration 380.826µs)
HCN(21) = 10080 (72 divisors, duration 430.994µs)
HCN(22) = 15120 (80 divisors, duration 966.444µs)
HCN(23) = 20160 (84 divisors, duration 1.133473ms)
HCN(24) = 25200 (90 divisors, duration 1.194193ms)
HCN(25) = 27720 (96 divisors, duration 629.286µs)
HCN(26) = 45360 (100 divisors, duration 5.189102ms)
HCN(27) = 50400 (108 divisors, duration 1.571051ms)
HCN(28) = 55440 (120 divisors, duration 1.636416ms)
HCN(29) = 83160 (128 divisors, duration 10.046654ms)
HCN(30) = 110880 (144 divisors, duration 11.276722ms)
HCN(31) = 166320 (160 divisors, duration 26.060015ms)
HCN(32) = 221760 (168 divisors, duration 29.839812ms)
HCN(33) = 277200 (180 divisors, duration 32.888117ms)
HCN(34) = 332640 (192 divisors, duration 35.510348ms)
HCN(35) = 498960 (200 divisors, duration 119.993459ms)
HCN(36) = 554400 (216 divisors, duration 43.906097ms)
HCN(37) = 665280 (224 divisors, duration 93.504185ms)
HCN(38) = 720720 (240 divisors, duration 49.204127ms)
HCN(39) = 1081080 (256 divisors, duration 353.708156ms)
HCN(40) = 1441440 (288 divisors, duration 403.222596ms)
HCN(41) = 2162160 (320 divisors, duration 929.72821ms)
HCN(42) = 2882880 (336 divisors, duration 1.068959931s)
HCN(43) = 3603600 (360 divisors, duration 1.185917475s)
HCN(44) = 4324320 (384 divisors, duration 1.295212999s)
HCN(45) = 6486480 (400 divisors, duration 4.409595979s)
HCN(46) = 7207200 (432 divisors, duration 1.632350414s)
HCN(47) = 8648640 (448 divisors, duration 3.463347794s)
HCN(48) = 10810800 (480 divisors, duration 5.663421042s)
HCN(49) = 14414400 (504 divisors, duration 10.534627067s)
HCN(50) = 17297280 (512 divisors, duration 9.294083721s)
HCN(51) = 21621600 (576 divisors, duration 15.198906302s)
HCN(52) = 32432400 (600 divisors, duration 43.75931695s)
HCN(53) = 36756720 (640 divisors, duration 19.500546042s)
HCN(54) = 43243200 (672 divisors, duration 31.132367492s)
HCN(55) = 61261200 (720 divisors, duration 1m37.120769255s)
HCN(56) = 73513440 (768 divisors, duration 1m13.776269876s)
HCN(57) = 110270160 (800 divisors, duration 4m15.281284012s)
HCN(58) = 122522400 (864 divisors, duration 1m34.502150764s)
HCN(59) = 147026880 (896 divisors, duration 3m21.482878086s)
HCN(60) = 183783600 (960 divisors, duration 5m29.63575948s)
HCN(61) = 245044800 (1008 divisors, duration 10m14.004249774s)
HCN(62) = 294053760 (1024 divisors, duration 9m11.545522923s)
HCN(63) = 367567200 (1152 divisors, duration 14m47.570623251s)
HCN(64) = 551350800 (1200 divisors, duration 42m33.701937878s)
